expected_return,risk,weight_005930.KS,weight_AAPL,weight_NVDA
0.0032878530699589326,0.0322331898334555,0.0,0.0,1.0
0.0032382867360252893,0.03172116351668679,0.0,0.02,0.98
0.0031887204020916455,0.031212714906278378,0.0,0.04,0.96
0.003139154068158002,0.03070802171655271,0.0,0.06,0.94
0.003089587734224359,0.030207272181105055,0.0,0.08,0.92
0.0030400214002907155,0.029710665702031704,0.0,0.1,0.9
0.002990455066357072,0.02921841353064591,0.0,0.12,0.88
0.0029408887324234288,0.028730739478704873,0.0,0.14,0.86
0.002891322398489785,0.028247880658449735,0.0,0.16,0.84
0.002841756064556142,0.027770088248874118,0.0,0.18,0.8200000000000001
0.0027921897306224983,0.02729762828455841,0.0,0.2,0.8
0.002742623396688855,0.02683078246210907,0.0,0.22,0.78
0.002693057062755211,0.026369848957693055,0.0,0.24,0.76
0.002643490728821568,0.025915143247327438,0.0,0.26,0.74
0.002593924394887924,0.025466998919442502,0.0,0.28,0.72
0.002544358060954281,0.025025768466756415,0.0,0.3,0.7
0.0024947917270206374,0.024591824041659525,0.0,0.32,0.6799999999999999
0.002445225393086994,0.024165558156095144,0.0,0.34,0.6599999999999999
0.0023956590591533507,0.023747384303344218,0.0,0.36,0.64
0.0023460927252197073,0.02333773747519779,0.0,0.38,0.62
0.0022965263912860636,0.022937074543786372,0.0,0.4,0.6
0.0022469600573524207,0.02254587447291863,0.0,0.42,0.5800000000000001
0.002197393723418777,0.022164638319300954,0.0,0.44,0.56
0.0021478273894851335,0.02179388897965836,0.0,0.46,0.54
0.00209826105555149,0.021434170635817786,0.0,0.48,0.52
0.0020486947216178464,0.02108604784658477,0.0,0.5,0.5
0.001999128387684203,0.020750104233159903,0.0,0.52,0.48
0.0019495620537505597,0.02042694070439742,0.0,0.54,0.45999999999999996
0.0018999957198169162,0.02011717316996514,0.0,0.56,0.43999999999999995
0.001850429385883273,0.019821429694025405,0.0,0.58,0.42000000000000004
0.0018008630519496295,0.0195403470500257,0.0,0.6,0.4
0.001751296718015986,0.019274566649113895,0.0,0.62,0.38
0.0017017303840823424,0.019024729830992307,0.0,0.64,0.36
0.001652164050148699,0.018791472526888175,0.0,0.66,0.33999999999999997
0.0016025977162150555,0.018575419329607795,0.0,0.68,0.31999999999999995
0.0015530313822814121,0.01837717703479428,0.0,0.7000000000000001,0.29999999999999993
0.0015034650483477688,0.018197327749452753,0.0,0.72,0.28
0.0014538987144141254,0.018036421696923852,0.0,0.74,0.26
0.0014043323804804816,0.017894969879632575,0.0,0.76,0.24
0.0013547660465468383,0.017773436789548562,0.0,0.78,0.21999999999999997
0.001305199712613195,0.017672233378569584,0.0,0.8,0.19999999999999996
0.0012556333786795514,0.017591710514233944,0.0,0.8200000000000001,0.17999999999999994
0.0012060670447459083,0.017532153147917073,0.0,0.84,0.16000000000000003
0.0011565007108122645,0.017493775411352965,0.0,0.86,0.14
0.0011069343768786211,0.017476716832378045,0.0,0.88,0.12
0.0010573680429449778,0.017481039822928843,0.0,0.9,0.09999999999999998
0.0010078017090113342,0.01750672854356151,0.0,0.92,0.07999999999999996
0.0009582353750776907,0.017553689192318186,0.0,0.9400000000000001,0.05999999999999994
0.0009086690411440476,0.017621751705732734,0.0,0.96,0.040000000000000036
0.000859102707210404,0.017710672800656396,0.0,0.98,0.020000000000000018
0.0008095363732767605,0.017820140231792663,0.0,1.0,0.0
0.0032414840027763046,0.03157270643097405,0.02,0.0,0.98
0.003191917668842661,0.031060529460035395,0.02,0.02,0.96
0.0031423513349090174,0.030552002524456764,0.02,0.04,0.94
0.003092785000975374,0.03004731094668087,0.02,0.06,0.9199999999999999
0.0030432186670417308,0.029546651264636965,0.02,0.08,0.9
0.0029936523331080874,0.029050231939470768,0.02,0.1,0.88
0.002944085999174444,0.02855827409833184,0.02,0.12,0.86
0.0028945196652408003,0.02807101231108854,0.02,0.14,0.84
0.002844953331307157,0.02758869539899535,0.02,0.16,0.82
0.0027953869973735136,0.02711158727229447,0.02,0.18,0.8
0.0027458206634398703,0.026639967792461035,0.02,0.2,0.78
0.0026962543295062265,0.02617413365326372,0.02,0.22,0.76
0.002646687995572583,0.02571439927297336,0.02,0.24,0.74
0.0025971216616389394,0.0252610976878738,0.02,0.26,0.72
0.0025475553277052965,0.02481458143467551,0.02,0.28,0.7
0.0024979889937716527,0.024375223406471812,0.02,0.3,0.6799999999999999
0.0024484226598380093,0.023943417663485508,0.02,0.32,0.6599999999999999
0.0023988563259043656,0.023519580176020096,0.02,0.34,0.6399999999999999
0.0023492899919707226,0.023104149472763437,0.02,0.36,0.62
0.002299723658037079,0.022697587162929495,0.02,0.38,0.6
0.0022501573241034355,0.022300378295741937,0.02,0.4,0.58
0.002200590990169792,0.021913031515585508,0.02,0.42,0.56
0.002151024656236149,0.0215360789659659,0.02,0.44,0.54
0.0021014583223025055,0.02117007589048805,0.02,0.46,0.52
0.0020518919883688617,0.020815599874737155,0.02,0.48,0.5
0.0020023256544352184,0.02047324966967191,0.02,0.5,0.48
0.001952759320501575,0.020143643535460855,0.02,0.52,0.45999999999999996
0.0019031929865679315,0.019827417045246626,0.02,0.54,0.43999999999999995
0.001853626652634288,0.019525220291817153,0.02,0.56,0.41999999999999993
0.0018040603187006448,0.019237714447336764,0.02,0.58,0.4
0.0017544939847670012,0.018965567637853092,0.02,0.6,0.38
0.0017049276508333577,0.018709450110842935,0.02,0.62,0.36
0.0016553613168997143,0.01847002869596283,0.02,0.64,0.33999999999999997
0.0016057949829660708,0.01824796058645156,0.02,0.66,0.31999999999999995
0.0015562286490324272,0.018043886500837842,0.02,0.68,0.29999999999999993
0.0015066623150987838,0.01785842332069033,0.02,0.7000000000000001,0.2799999999999999
0.0014570959811651407,0.017692156338396513,0.02,0.72,0.26
0.001407529647231497,0.017545631286989386,0.02,0.74,0.24
0.0013579633132978536,0.017419346358894392,0.02,0.76,0.21999999999999997
0.0013083969793642103,0.017313744448810117,0.02,0.78,0.19999999999999996
0.0012588306454305667,0.017229205874378206,0.02,0.8,0.17999999999999994
0.0012092643114969231,0.017166041833810826,0.02,0.8200000000000001,0.15999999999999992
0.0011596979775632798,0.01712448885000681,0.02,0.84,0.14
0.0011101316436296364,0.01710470442490315,0.02,0.86,0.12
0.001060565309695993,0.017106764086408176,0.02,0.88,0.09999999999999998
0.0010109989757623495,0.01713065995541845,0.02,0.9,0.07999999999999996
0.000961432641828706,0.017176300895820357,0.02,0.92,0.05999999999999994
0.0009118663078950625,0.01724351424086085,0.02,0.9400000000000001,0.039999999999999925
0.0008622999739614193,0.017332049020274895,0.02,0.96,0.020000000000000018
0.0008127336400277758,0.01744158054945372,0.02,0.98,0.0
0.003195114935593676,0.03091715358634562,0.04,0.0,0.96
0.0031455486016600327,0.03040490249600211,0.04,0.02,0.94
0.0030959822677263894,0.029896378955594872,0.04,0.04,0.9199999999999999
0.003046415933792746,0.029391776443030898,0.04,0.06,0.8999999999999999
0.0029968495998591027,0.02889130040778895,0.04,0.08,0.88
0.0029472832659254594,0.028395169043070247,0.04,0.1,0.86
0.0028977169319918156,0.027903614096947967,0.04,0.12,0.84
0.0028481505980581722,0.027416881721189255,0.04,0.14,0.82
0.0027985842641245285,0.026935233355428703,0.04,0.16,0.7999999999999999
0.0027490179301908856,0.026458946643140312,0.04,0.18,0.78
0.0026994515962572418,0.025988316374346423,0.04,0.2,0.76
0.0026498852623235984,0.025523655448174507,0.04,0.22,0.74
0.0026003189283899547,0.0250652958461807,0.04,0.24,0.72
0.0025507525944563117,0.024613589604757537,0.04,0.26,0.7
0.0025011862605226684,0.024168909771889225,0.04,0.28,0.6799999999999999
0.0024516199265890246,0.023731651329973777,0.04,0.3,0.6599999999999999
0.002402053592655381,0.023302232062371173,0.04,0.32,0.6399999999999999
0.0023524872587217375,0.022881093336752544,0.04,0.34,0.6199999999999999
0.002302920924788094,0.022468700773235508,0.04,0.36,0.6
0.002253354590854451,0.022065544759752375,0.04,0.38,0.58
0.0022037882569208075,0.021672140771218387,0.04,0.4,0.5599999999999999
0.002154221922987164,0.02128902944302081,0.04,0.42,0.54
0.002104655589053521,0.020916776343393277,0.04,0.44,0.52
0.002055089255119877,0.020555971383729253,0.04,0.46,0.49999999999999994
0.0020055229211862337,0.020207227801291416,0.04,0.48,0.48
0.0019559565872525903,0.019871180645681396,0.04,0.5,0.45999999999999996
0.0019063902533189468,0.019548484699555377,0.04,0.52,0.43999999999999995
0.0018568239193853032,0.019239811766221304,0.04,0.54,0.41999999999999993
0.0018072575854516599,0.01894584726281552,0.04,0.56,0.3999999999999999
0.0017576912515180165,0.018667286068619362,0.04,0.58,0.38
0.001708124917584373,0.01840482759454258,0.04,0.6,0.36
0.0016585585836507298,0.01815917006246241,0.04,0.62,0.33999999999999997
0.001608992249717086,0.01793100401219785,0.04,0.64,0.31999999999999995
0.0015594259157834427,0.017721005089128248,0.04,0.66,0.29999999999999993
0.0015098595818497991,0.017529826205863897,0.04,0.68,0.2799999999999999
0.0014602932479161556,0.017358089215178764,0.04,0.7000000000000001,0.2599999999999999
0.0014107269139825125,0.017206376276016042,0.04,0.72,0.24
0.001361160580048869,0.0170752211364017,0.04,0.74,0.21999999999999997
0.0013115942461152255,0.016965100592617202,0.04,0.76,0.19999999999999996
0.0012620279121815822,0.016876426408859526,0.04,0.78,0.17999999999999994
0.0012124615782479384,0.01680953799201844,0.04,0.8,0.15999999999999992
0.001162895244314295,0.016764696109145574,0.04,0.8200000000000001,0.1399999999999999
0.0011133289103806517,0.016742077909098374,0.04,0.84,0.12
0.0010637625764470084,0.01674177346496088,0.04,0.86,0.09999999999999998
0.0010141962425133648,0.016763783992441744,0.04,0.88,0.07999999999999996
0.0009646299085797214,0.016808021825719218,0.04,0.9,0.05999999999999994
0.0009150635746460779,0.0168743121518446,0.04,0.92,0.039999999999999925
0.0008654972407124344,0.016962396424366363,0.04,0.9400000000000001,0.019999999999999907
0.0008159309067787912,0.017071937302844464,0.04,0.96,0.0
0.003148745868411048,0.030266851675640482,0.06,0.0,0.94
0.0030991795344774047,0.029754613612234776,0.06,0.02,0.9199999999999999
0.0030496132005437613,0.02924618643561896,0.06,0.04,0.8999999999999999
0.0030000468666101176,0.028741772384388672,0.06,0.06,0.8799999999999999
0.0029504805326764747,0.028241586490855324,0.06,0.08,0.86
0.002900914198742831,0.02774585742413353,0.06,0.1,0.84
0.0028513478648091875,0.02725482837655851,0.06,0.12,0.82
0.0028017815308755438,0.026768757991853145,0.06,0.14,0.7999999999999999
0.0027522151969419004,0.026287921332288217,0.06,0.16,0.7799999999999999
0.002702648863008257,0.02581261088061755,0.06,0.18,0.76
0.0026530825290746137,0.025343137570774596,0.06,0.2,0.74
0.00260351619514097,0.024879831839135634,0.06,0.22,0.72
0.002553949861207327,0.02442304468553332,0.06,0.24,0.7
0.0025043835272736837,0.0239731487300871,0.06,0.26,0.6799999999999999
0.00245481719334004,0.02353053924825408,0.06,0.28,0.6599999999999999
0.002405250859406396,0.02309563516225098,0.06,0.3,0.6399999999999999
0.002355684525472753,0.02266887996212896,0.06,0.32,0.6199999999999999
0.0023061181915391095,0.022250742524294535,0.06,0.34,0.5999999999999999
0.002256551857605466,0.021841717789196802,0.06,0.36,0.58
0.0022069855236718228,0.021442327253327988,0.06,0.38,0.5599999999999999
0.0021574191897381794,0.021053119223766768,0.06,0.4,0.5399999999999999
0.002107852855804536,0.020674668776473618,0.06,0.42,0.52
0.0020582865218708923,0.020307577352778387,0.06,0.44,0.49999999999999994
0.002008720187937249,0.019952471922463435,0.06,0.46,0.4799999999999999
0.0019591538540036056,0.019610003637167823,0.06,0.48,0.45999999999999996
0.001909587520069962,0.019280845895297438,0.06,0.5,0.43999999999999995
0.0018600211861363185,0.018965691740142527,0.06,0.52,0.41999999999999993
0.0018104548522026752,0.018665250517510938,0.06,0.54,0.3999999999999999
0.0017608885182690318,0.018380243728966263,0.06,0.56,0.3799999999999999
0.0017113221843353885,0.0181114000327527,0.06,0.58,0.36
0.0016617558504017451,0.017859449367548116,0.06,0.6,0.33999999999999997
0.0016121895164681013,0.017625116204810238,0.06,0.62,0.31999999999999995
0.001562623182534458,0.017409111973605763,0.06,0.64,0.29999999999999993
0.0015130568486008144,0.017212126746612464,0.06,0.66,0.2799999999999999
0.0014634905146671709,0.017034820325697312,0.06,0.68,0.2599999999999999
0.0014139241807335275,0.016877812917305304,0.06,0.7000000000000001,0.23999999999999988
0.0013643578467998842,0.016741675638052324,0.06,0.72,0.21999999999999997
0.0013147915128662408,0.016626921134815707,0.06,0.74,0.19999999999999996
0.0012652251789325973,0.016533994636277013,0.06,0.76,0.17999999999999994
0.0012156588449989537,0.01646326576949186,0.06,0.78,0.15999999999999992
0.0011660925110653104,0.01641502147171417,0.06,0.8,0.1399999999999999
0.0011165261771316668,0.01638946030204111,0.06,0.8200000000000001,0.11999999999999988
0.0010669598431980237,0.016386688409283773,0.06,0.84,0.09999999999999998
0.0010173935092643801,0.01640671734409898,0.06,0.86,0.07999999999999996
0.0009678271753307367,0.016449463819553235,0.06,0.88,0.05999999999999994
0.0009182608413970932,0.016514751431609652,0.06,0.9,0.039999999999999925
0.0008686945074634497,0.016602314257366187,0.06,0.92,0.019999999999999907
0.0008191281735298065,0.01671180216219261,0.06,0.9400000000000001,0.0
0.00310237680122842,0.02962214652581885,0.08,0.0,0.92
0.0030528104672947766,0.02911002055313088,0.08,0.02,0.9
0.0030032441333611333,0.028601795352140965,0.08,0.04,0.88
0.0029536777994274904,0.028097682592755444,0.08,0.06,0.8600000000000001
0.0029041114654938466,0.027597907633662034,0.08,0.08,0.8400000000000001
0.0028545451315602033,0.02710271044350509,0.08,0.1,0.8200000000000001
0.00280497879762656,0.026612346570121317,0.08,0.12,0.8
0.002755412463692916,0.026127088155924405,0.08,0.14,0.78
0.0027058461297592724,0.025647224996129155,0.08,0.16,0.76
0.002656279795825629,0.025173065634763847,0.08,0.18,0.74
0.0026067134618919857,0.02470493849127365,0.08,0.2,0.72
0.0025571471279583423,0.024243193007904913,0.08,0.22,0.7000000000000001
0.002507580794024699,0.02378820080491323,0.08,0.24,0.68
0.0024580144600910557,0.023340356826892096,0.08,0.26,0.66
0.0024084481261574123,0.022900080459113067,0.08,0.28,0.64
0.002358881792223769,0.022467816587654562,0.08,0.3,0.6200000000000001
0.0023093154582901256,0.022044036571248652,0.08,0.32,0.6000000000000001
0.002259749124356482,0.02162923908620088,0.08,0.34,0.5800000000000001
0.0022101827904228385,0.021223950798495584,0.08,0.36,0.56
0.0021606164564891947,0.02082872680941666,0.08,0.38,0.54
0.0021110501225555514,0.02044415081291206,0.08,0.4,0.52
0.002061483788621908,0.020070834894849354,0.08,0.42,0.5
0.0020119174546882647,0.01970941889673417,0.08,0.44,0.48000000000000004
0.001962351120754621,0.01936056926004529,0.08,0.46,0.46
0.0019127847868209776,0.019024977262917003,0.08,0.48,0.44000000000000006
0.0018632184528873342,0.018703356559490507,0.08,0.5,0.42000000000000004
0.0018136521189536909,0.018396439935047044,0.08,0.52,0.4
0.0017640857850200473,0.01810497519831442,0.08,0.54,0.38
0.0017145194510864038,0.017829720147405463,0.08,0.56,0.36
0.0016649531171527604,0.017571436568859185,0.08,0.58,0.3400000000000001
0.001615386783219117,0.01733088326103193,0.08,0.6,0.32000000000000006
0.0015658204492854737,0.017108808113864074,0.08,0.62,0.30000000000000004
0.0015162541153518302,0.01690593932622364,0.08,0.64,0.28
0.0014666877814181866,0.016722975897917162,0.08,0.66,0.26
0.0014171214474845433,0.016560577593130957,0.08,0.68,0.24
0.0013675551135508997,0.016419354631328643,0.08,0.7000000000000001,0.21999999999999997
0.0013179887796172566,0.016299857415204132,0.08,0.72,0.20000000000000007
0.001268422445683613,0.016202566647234202,0.08,0.74,0.18000000000000005
0.0012188561117499695,0.016127884210756747,0.08,0.76,0.16000000000000003
0.0011692897778163261,0.0160761251932335,0.08,0.78,0.14
0.0011197234438826825,0.016047511405102237,0.08,0.8,0.12
0.001070157109949039,0.01604216669657454,0.08,0.8200000000000001,0.09999999999999998
0.0010205907760153959,0.01606011429909245,0.08,0.84,0.08000000000000007
0.0009710244420817523,0.016101276323154372,0.08,0.86,0.06000000000000005
0.0009214581081481088,0.01616547543763124,0.08,0.88,0.040000000000000036
0.0008718917742144654,0.01625243864686699,0.08,0.9,0.020000000000000018
0.0008223254402808218,0.01636180298045182,0.08,0.92,0.0
0.003056007734045792,0.028983411621257858,0.1,0.0,0.9
0.0030064414001121486,0.028471510180570692,0.1,0.02,0.88
0.0029568750661785053,0.027963606771531552,0.1,0.04,0.86
0.002907308732244862,0.02745992323985593,0.1,0.06,0.8400000000000001
0.0028577423983112186,0.026960696095615626,0.1,0.08,0.8200000000000001
0.0028081760643775752,0.026466177520317075,0.1,0.1,0.8
0.0027586097304439314,0.02597663642716585,0.1,0.12,0.78
0.002709043396510288,0.025492359572170085,0.1,0.14,0.76
0.0026594770625766443,0.025013652712066934,0.1,0.16,0.74
0.002609910728643001,0.024540841802970094,0.1,0.18,0.72
0.0025603443947093576,0.024074274231061357,0.1,0.2,0.7
0.0025107780607757147,0.023614320063506278,0.1,0.22,0.68
0.002461211726842071,0.023161373303984253,0.1,0.24,0.66
0.0024116453929084276,0.022715853132707638,0.1,0.26,0.64
0.002362079058974784,0.022278205105492718,0.1,0.28,0.62
0.002312512725041141,0.02184890228028607,0.1,0.3,0.6000000000000001
0.002262946391107497,0.02142844623252015,0.1,0.32,0.5800000000000001
0.002213380057173854,0.021017367912799016,0.1,0.34,0.56
0.00216381372324021,0.02061622829179309,0.1,0.36,0.54
0.0021142473893065667,0.0202256187280423,0.1,0.38,0.52
0.0020646810553729233,0.01984616098494544,0.1,0.4,0.5
0.00201511472143928,0.019478506814025433,0.1,0.42,0.48000000000000004
0.001965548387505636,0.0191233370132707,0.1,0.44,0.46
0.001915982053571993,0.018781359862844137,0.1,0.46,0.44
0.0018664157196383497,0.018453308836834808,0.1,0.48,0.42000000000000004
0.0018168493857047062,0.018139939490334253,0.1,0.5,0.4
0.0017672830517710624,0.017842025427450774,0.1,0.52,0.38
0.001717716717837419,0.01756035326951144,0.1,0.54,0.36
0.0016681503839037757,0.017295716565141554,0.1,0.56,0.33999999999999997
0.0016185840499701324,0.01704890861635466,0.1,0.58,0.32000000000000006
0.001569017716036489,0.016820714237847985,0.1,0.6,0.30000000000000004
0.0015194513821028455,0.01661190052008803,0.1,0.62,0.28
0.001469885048169202,0.016423206728976212,0.1,0.64,0.26
0.0014203187142355586,0.01625533354291777,0.1,0.66,0.24
0.001370752380301915,0.016108931897421228,0.1,0.68,0.21999999999999997
0.0013211860463682714,0.015984591771935626,0.1,0.7000000000000001,0.19999999999999996
0.0012716197124346283,0.015882831306493768,0.1,0.72,0.18000000000000005
0.0012220533785009847,0.015804086669626762,0.1,0.74,0.16000000000000003
0.0011724870445673414,0.01574870310746379,0.1,0.76,0.14
0.0011229207106336978,0.015716927582337285,0.1,0.78,0.12
0.0010733543767000543,0.015708903355908035,0.1,0.8,0.09999999999999998
0.001023788042766411,0.015724666788759386,0.1,0.8200000000000001,0.07999999999999996
0.0009742217088327676,0.015764146521305727,0.1,0.84,0.06000000000000005
0.0009246553748991241,0.01582716507869644,0.1,0.86,0.040000000000000036
0.0008750890409654807,0.015913442816274864,0.1,0.88,0.020000000000000018
0.0008255227070318372,0.016022604003744886,0.1,0.9,0.0
0.0030096386668631643,0.02835105048469583,0.12,0.0,0.88
0.0029600723329295205,0.02783950102443113,0.12,0.02,0.86
0.002910505998995877,0.027332055172420926,0.12,0.04,0.84
0.002860939665062234,0.02682894577807057,0.12,0.06,0.8200000000000001
0.0028113733311285905,0.02633042141957605,0.12,0.08,0.8
0.0027618069971949467,0.02583674750539853,0.12,0.1,0.78
0.0027122406632613034,0.02534820743442018,0.12,0.12,0.76
0.0026626743293276596,0.024865103811858528,0.12,0.14,0.74
0.0026131079953940163,0.024387759716014052,0.12,0.16,0.72
0.002563541661460373,0.02391652000841685,0.12,0.18,0.7
0.0025139753275267296,0.023451752676834175,0.12,0.2,0.6799999999999999
0.0024644089935930862,0.022993850196807487,0.12,0.22,0.66
0.002414842659659443,0.022543230892808554,0.12,0.24,0.64
0.002365276325725799,0.022100340274646486,0.12,0.26,0.62
0.0023157099917921558,0.02166565231834192,0.12,0.28,0.6
0.0022661436578585124,0.021239670653256777,0.12,0.3,0.5800000000000001
0.002216577323924869,0.020822929608817993,0.12,0.32,0.56
0.0021670109899912253,0.020415995064757206,0.12,0.34,0.54
0.002117444656057582,0.020019465038557387,0.12,0.36,0.52
0.0020678783221239386,0.019633969933033967,0.12,0.38,0.5
0.002018311988190295,0.01926017235613357,0.12,0.4,0.48
0.0019687456542566515,0.018898766414771388,0.12,0.42,0.46
0.0019191793203230084,0.018550476375760266,0.12,0.44,0.44
0.0018696129863893648,0.018216054580798165,0.12,0.46,0.42
0.0018200466524557215,0.01789627850054378,0.12,0.48,0.4
0.001770480318522078,0.017591946816735853,0.12,0.5,0.38
0.0017209139845884344,0.017303874432973942,0.12,0.52,0.36
0.001671347650654791,0.017032886336050778,0.12,0.54,0.33999999999999997
0.0016217813167211474,0.016779810262245242,0.12,0.56,0.31999999999999995
0.0015722149827875043,0.01654546816782486,0.12,0.58,0.30000000000000004
0.0015226486488538608,0.016330666560293555,0.12,0.6,0.28
0.0014730823149202172,0.016136185815424413,0.12,0.62,0.26
0.0014235159809865739,0.01596276868189686,0.12,0.64,0.24
0.0013739496470529303,0.015811108255559446,0.12,0.66,0.21999999999999997
0.0013243833131192867,0.01568183578225847,0.12,0.68,0.19999999999999996
0.0012748169791856434,0.015575508713677827,0.12,0.7000000000000001,0.17999999999999994
0.001225250645252,0.015492599485993791,0.12,0.72,0.16000000000000003
0.0011756843113183567,0.015433485508218991,0.12,0.74,0.14
0.0011261179773847131,0.015398440829734213,0.12,0.76,0.12
0.0010765516434510696,0.015387629901861924,0.12,0.78,0.09999999999999998
0.0010269853095174262,0.015401103757911448,0.12,0.8,0.07999999999999996
0.0009774189755837827,0.015438798816056335,0.12,0.8200000000000001,0.05999999999999994
0.0009278526416501394,0.015500538369966392,0.12,0.84,0.040000000000000036
0.000878286307716496,0.015586036686417998,0.12,0.86,0.020000000000000018
0.0008287199737828525,0.015694905491189313,0.12,0.88,0.0
0.002963269599680536,0.02772549923685057,0.14,0.0,0.86
0.0029137032657468925,0.027214446027516093,0.14,0.02,0.84
0.0028641369318132487,0.026707611390612992,0.14,0.04,0.82
0.002814570597879606,0.026205240101072242,0.14,0.06,0.8
0.002765004263945962,0.02570759382503773,0.14,0.08,0.78
0.0027154379300123187,0.02521495232489684,0.14,0.1,0.76
0.002665871596078675,0.024727614728799717,0.14,0.12,0.74
0.0026163052621450316,0.024245900860980902,0.14,0.14,0.72
0.0025667389282113882,0.02377015262678188,0.14,0.16,0.7
0.002517172594277745,0.023300735443241398,0.14,0.18,0.6799999999999999
0.002467606260344101,0.022838039702364473,0.14,0.2,0.6599999999999999
0.002418039926410458,0.022382482249586517,0.14,0.22,0.64
0.0023684735924768144,0.021934507854400664,0.14,0.24,0.62
0.002318907258543171,0.021494590643506162,0.14,0.26,0.6
0.0022693409246095277,0.021063235459075857,0.14,0.28,0.58
0.0022197745906758844,0.02064097909578099,0.14,0.3,0.56
0.002170208256742241,0.02022839136006357,0.14,0.32,0.54
0.0021206419228085973,0.019826075883914867,0.14,0.34,0.52
0.002071075588874954,0.019434670613340387,0.14,0.36,0.5
0.0020215092549413106,0.0190548478791816,0.14,0.38,0.48
0.001971942921007667,0.018687313945666348,0.14,0.4,0.45999999999999996
0.0019223765870740237,0.018332807920896078,0.14,0.42,0.44
0.0018728102531403801,0.017992099904693543,0.14,0.44,0.42
0.0018232439192067366,0.017665988244417754,0.14,0.46,0.39999999999999997
0.0017736775852730932,0.0173552957704203,0.14,0.48,0.38
0.0017241112513394496,0.01706086489194087,0.14,0.5,0.36
0.0016745449174058063,0.01678355145369364,0.14,0.52,0.33999999999999997
0.001624978583472163,0.01652421728530379,0.14,0.54,0.31999999999999995
0.0015754122495385192,0.01628372142173013,0.14,0.56,0.29999999999999993
0.001525845915604876,0.016062910033506458,0.14,0.58,0.28
0.0014762795816712325,0.015862605180233216,0.14,0.6,0.26
0.0014267132477375891,0.015683592586484454,0.14,0.62,0.24
0.0013771469138039458,0.015526608731114729,0.14,0.64,0.21999999999999997
0.001327580579870302,0.01539232763148107,0.14,0.66,0.19999999999999996
0.0012780142459366587,0.015281347784014751,0.14,0.68,0.17999999999999994
0.0012284479120030153,0.015194179781501827,0.14,0.7000000000000001,0.15999999999999992
0.001178881578069372,0.015131235155287715,0.14,0.72,0.14
0.0011293152441357284,0.015092816979346835,0.14,0.74,0.12
0.0010797489102020849,0.01507911271842395,0.14,0.76,0.09999999999999998
0.0010301825762684415,0.015090189705011635,0.14,0.78,0.07999999999999996
0.0009806162423347982,0.015125993496196302,0.14,0.8,0.05999999999999994
0.0009310499084011546,0.015186349203022295,0.14,0.8200000000000001,0.039999999999999925
0.0008814835744675113,0.015270965717358169,0.14,0.84,0.020000000000000018
0.0008319172405338678,0.015379442601107185,0.14,0.86,0.0
0.002916900532497908,0.027107229335506692,0.16,0.0,0.84
0.002867334198564264,0.02659683548560231,0.16,0.02,0.82
0.0028177678646306207,0.026090785775903017,0.16,0.04,0.7999999999999999
0.0027682015306969773,0.025589337934291342,0.16,0.06,0.78
0.002718635196763334,0.025092767850161325,0.16,0.08,0.76
0.00266906886282969,0.024601370892782526,0.16,0.1,0.74
0.002619502528896047,0.02411546330016975,0.16,0.12,0.72
0.0025699361949624035,0.023635383633756623,0.16,0.14,0.7
0.00252036986102876,0.023161494291243305,0.16,0.16,0.6799999999999999
0.0024708035270951164,0.022694183066309558,0.16,0.18,0.6599999999999999
0.002421237193161473,0.022233864739322224,0.16,0.2,0.6399999999999999
0.0023716708592278297,0.021780982677583913,0.16,0.22,0.62
0.0023221045252941864,0.02133601041693067,0.16,0.24,0.6
0.002272538191360543,0.02089945318846804,0.16,0.26,0.58
0.0022229718574268992,0.020471849344843997,0.16,0.28,0.5599999999999999
0.0021734055234932563,0.020053771629657144,0.16,0.3,0.54
0.0021238391895596126,0.019645828221439867,0.16,0.32,0.52
0.0020742728556259688,0.01924866347032006,0.16,0.34,0.49999999999999994
0.002024706521692326,0.01886295823131606,0.16,0.36,0.48
0.001975140187758682,0.018489429683863808,0.16,0.38,0.45999999999999996
0.0019255738538250388,0.01812883051352578,0.16,0.4,0.43999999999999995
0.0018760075198913954,0.017781947320166372,0.16,0.42,0.42
0.0018264411859577518,0.017449598108885783,0.16,0.44,0.39999999999999997
0.0017768748520241083,0.017132628717786362,0.16,0.46,0.37999999999999995
0.001727308518090465,0.016831908042668098,0.16,0.48,0.36
0.0016777421841568216,0.016548321935700355,0.16,0.5,0.33999999999999997
0.001628175850223178,0.016282765685649278,0.16,0.52,0.31999999999999995
0.0015786095162895345,0.016036135033584715,0.16,0.54,0.29999999999999993
0.0015290431823558911,0.015809315741435424,0.16,0.56,0.2799999999999999
0.0014794768484222478,0.015603171811040933,0.16,0.58,0.26
0.0014299105144886044,0.015418532546022537,0.16,0.6,0.24
0.001380344180554961,0.015256178752757175,0.16,0.62,0.21999999999999997
0.0013307778466213173,0.015116828482020698,0.16,0.64,0.19999999999999996
0.001281211512687674,0.015001122808943817,0.16,0.66,0.17999999999999994
0.0012316451787540304,0.014909612223616885,0.16,0.68,0.15999999999999992
0.001182078844820387,0.0148427442457137,0.16,0.7000000000000001,0.1399999999999999
0.0011325125108867437,0.014800852873538665,0.16,0.72,0.12
0.0010829461769531002,0.014784150424695962,0.16,0.74,0.09999999999999998
0.0010333798430194568,0.014792722221801072,0.16,0.76,0.07999999999999996
0.0009838135090858135,0.014826524428810894,0.16,0.78,0.05999999999999994
0.0009342471751521699,0.014885385164661162,0.16,0.8,0.039999999999999925
0.0008846808412185264,0.014969008828841422,0.16,0.8200000000000001,0.019999999999999907
0.0008351145072848831,0.015076983388296869,0.16,0.84,0.0
0.0028705314653152797,0.026496750490036153,0.18,0.0,0.8200000000000001
0.0028209651313816364,0.025987200177782242,0.18,0.02,0.8
0.0027713987974479926,0.025482131554963157,0.18,0.04,0.78
0.0027218324635143493,0.024981816448052818,0.18,0.06,0.76
0.002672266129580706,0.02448654623378694,0.18,0.08,0.7400000000000001
0.0026226997956470626,0.023996633281150027,0.18,0.1,0.7200000000000001
0.002573133461713419,0.02351241246992828,0.18,0.12,0.7000000000000001
0.002523567127779776,0.023034242779772684,0.18,0.14,0.68
0.0024740007938461326,0.02256250894015137,0.18,0.16,0.66
0.0024244344599124892,0.022097623127086324,0.18,0.18,0.6400000000000001
0.002374868125978846,0.021640026687009883,0.18,0.2,0.6200000000000001
0.002325301792045202,0.021190191861276027,0.18,0.22,0.6000000000000001
0.0022757354581115583,0.020748623476662422,0.18,0.24,0.5800000000000001
0.002226169124177915,0.02031586055746482,0.18,0.26,0.56
0.0021766027902442716,0.019892477803426904,0.18,0.28,0.54
0.002127036456310628,0.019479086864756745,0.18,0.3,0.52
0.0020774701223769845,0.01907633733097302,0.18,0.32,0.5
0.002027903788443341,0.01868491733460013,0.18,0.34,0.48000000000000004
0.001978337454509698,0.018305553654343144,0.18,0.36,0.4600000000000001
0.0019287711205760543,0.017939011186201434,0.18,0.38,0.44000000000000006
0.0018792047866424111,0.017586091636310613,0.18,0.4,0.42000000000000004
0.0018296384527087676,0.017247631277894294,0.18,0.42,0.4000000000000001
0.001780072118775124,0.016924497608824623,0.18,0.44,0.38000000000000006
0.0017305057848414807,0.01661758474867671,0.18,0.46,0.36000000000000004
0.0016809394509078373,0.016327807427919543,0.18,0.48,0.3400000000000001
0.001631373116974194,0.01605609345022711,0.18,0.5,0.32000000000000006
0.0015818067830405502,0.015803374554729018,0.18,0.52,0.30000000000000004
0.0015322404491069069,0.0155705756703828,0.18,0.54,0.28
0.0014826741151732633,0.015358602639973677,0.18,0.56,0.26
0.0014331077812396202,0.015168328594592271,0.18,0.58,0.2400000000000001
0.0013835414473059766,0.015000579275810454,0.18,0.6,0.22000000000000008
0.001333975113372333,0.01485611772374102,0.18,0.62,0.20000000000000007
0.0012844087794386897,0.014735628863026495,0.18,0.64,0.18000000000000005
0.0012348424455050461,0.014639704611483678,0.18,0.66,0.16000000000000003
0.0011852761115714026,0.01456883019290028,0.18,0.68,0.14
0.0011357097776377592,0.014523372343331925,0.18,0.7000000000000001,0.12
0.001086143443704116,0.014503570050576649,0.18,0.72,0.10000000000000009
0.0010365771097704726,0.014509528357473883,0.18,0.74,0.08000000000000007
0.000987010775836829,0.014541215597608162,0.18,0.76,0.06000000000000005
0.0009374444419031855,0.014598464231258594,0.18,0.78,0.040000000000000036
0.0008878781079695421,0.014680975230616653,0.18,0.8,0.020000000000000018
0.0008383117740358985,0.014788325749997942,0.18,0.8200000000000001,0.0
0.0028241623981326517,0.025894613740757567,0.2,0.0,0.8
0.002774596064199008,0.025386114674766192,0.2,0.02,0.78
0.0027250297302653646,0.024882248385810272,0.2,0.04,0.76
0.0026754633963317212,0.024383302076244017,0.2,0.06,0.74
0.002625897062398078,0.023889584016993752,0.2,0.08,0.7200000000000001
0.0025763307284644345,0.023401425123784028,0.2,0.1,0.7000000000000001
0.002526764394530791,0.022919180615776094,0.2,0.12,0.68
0.002477198060597148,0.02244323174875874,0.2,0.14,0.66
0.002427631726663504,0.021973987610669293,0.2,0.16,0.64
0.002378065392729861,0.021511886961738905,0.2,0.18,0.6200000000000001
0.0023284990587962174,0.02105740009476114,0.2,0.2,0.6000000000000001
0.002278932724862574,0.020611030682682756,0.2,0.22,0.5800000000000001
0.0022293663909289303,0.020173317570730973,0.2,0.24,0.56
0.002179800056995287,0.019744836458478594,0.2,0.26,0.54
0.0021302337230616436,0.01932620140353498,0.2,0.28,0.52
0.002080667389128,0.0189180660629822,0.2,0.3,0.5
0.0020311010551943565,0.01852112457147648,0.2,0.32,0.48000000000000004
0.001981534721260713,0.018136111936585805,0.2,0.34,0.46
0.0019319683873270698,0.01776380381326083,0.2,0.36,0.44000000000000006
0.0018824020533934264,0.017405015501604677,0.2,0.38,0.42000000000000004
0.0018328357194597827,0.017060599997116392,0.2,0.4,0.4
0.0017832693855261393,0.016731444912724845,0.2,0.42,0.38000000000000006
0.001733703051592496,0.01641846809019994,0.2,0.44,0.36000000000000004
0.0016841367176588526,0.016122611728430065,0.2,0.46,0.34
0.0016345703837252093,0.015844834881371825,0.2,0.48,0.32000000000000006
0.0015850040497915655,0.015586104222851626,0.2,0.5,0.30000000000000004
0.0015354377158579222,0.015347383041700585,0.2,0.52,0.28
0.0014858713819242788,0.015129618520213708,0.2,0.54,0.26
0.001436305047990635,0.01493372746038771,0.2,0.56,0.24
0.001386738714056992,0.014760580751126014,0.2,0.58,0.22000000000000008
0.0013371723801233483,0.014610987006883383,0.2,0.6,0.20000000000000007
0.001287606046189705,0.014485675941272046,0.2,0.62,0.18000000000000005
0.0012380397122560617,0.014385282151949955,0.2,0.64,0.16000000000000003
0.0011884733783224179,0.014310330068251451,0.2,0.66,0.14
0.0011389070443887745,0.014261220834445509,0.2,0.68,0.12
0.0010893407104551312,0.01423822185775925,0.2,0.7000000000000001,0.09999999999999998
0.0010397743765214879,0.014241459637556582,0.2,0.72,0.08000000000000007
0.0009902080425878443,0.014270916316094168,0.2,0.74,0.06000000000000005
0.0009406417086542008,0.014326430167672672,0.2,0.76,0.040000000000000036
0.0008910753747205574,0.014407699995241087,0.2,0.78,0.020000000000000018
0.0008415090407869139,0.014514293159226454,0.2,0.8,0.0
0.0027777933309500232,0.02530141468383049,0.22,0.0,0.78
0.00272822699701638,0.024794200802787672,0.22,0.02,0.76
0.0026786606630827365,0.024291786077812186,0.22,0.04,0.74
0.0026290943291490928,0.02379447450999607,0.22,0.06,0.72
0.00257952799521545,0.02330259282824435,0.22,0.08,0.7000000000000001
0.0025299616612818065,0.022816492210382965,0.22,0.1,0.68
0.002480395327348163,0.022336550091932673,0.22,0.12,0.66
0.0024308289934145194,0.02186317205228459,0.22,0.14,0.64
0.002381262659480876,0.021396793762655374,0.22,0.16,0.62
0.0023316963255472327,0.020937882973472925,0.22,0.18,0.6000000000000001
0.0022821299916135893,0.02048694151052119,0.22,0.2,0.5800000000000001
0.0022325636576799456,0.020044507239032203,0.22,0.22,0.56
0.0021829973237463022,0.01961115594275723,0.22,0.24,0.54
0.002133430989812659,0.019187503050738505,0.22,0.26,0.52
0.002083864655879015,0.018774205128007048,0.22,0.28,0.5
0.0020342983219453718,0.018371961027889818,0.22,0.3,0.48000000000000004
0.0019847319880117284,0.017981512583415998,0.22,0.32,0.46
0.001935165654078085,0.017603644694216675,0.22,0.34,0.44
0.0018855993201444417,0.017239184644533726,0.22,0.36,0.42000000000000004
0.001836032986210798,0.016889000469295437,0.22,0.38,0.4
0.0017864666522771546,0.0165539981711617,0.22,0.4,0.38
0.0017369003183435113,0.016235117585198383,0.22,0.42,0.36000000000000004
0.001687333984409868,0.01593332669328788,0.22,0.44,0.34
0.0016377676504762244,0.015649614211867714,0.22,0.46,0.32
0.001588201316542581,0.015384980318511075,0.22,0.48,0.30000000000000004
0.0015386349826089375,0.015140425449011789,0.22,0.5,0.28
0.0014890686486752941,0.01491693718926992,0.22,0.52,0.26
0.0014395023147416503,0.014715475405014736,0.22,0.54,0.24
0.001389935980808007,0.01453695589310199,0.22,0.56,0.21999999999999997
0.0013403696468743639,0.014382232991987761,0.22,0.58,0.20000000000000007
0.0012908033129407203,0.014252081742295728,0.22,0.6,0.18000000000000005
0.001241236979007077,0.014147180323222245,0.22,0.62,0.16000000000000003
0.0011916706450734332,0.014068093586619458,0.22,0.64,0.14
0.0011421043111397898,0.014015258548504552,0.22,0.66,0.12
0.0010925379772061463,0.013988972662651313,0.22,0.68,0.09999999999999998
0.001042971643272503,0.013989385586465583,0.22,0.7000000000000001,0.07999999999999996
0.0009934053093388596,0.014016494960318922,0.22,0.72,0.06000000000000005
0.0009438389754052161,0.014070146474500892,0.22,0.74,0.040000000000000036
0.0008942726414715727,0.01415003821940434,0.22,0.76,0.020000000000000018
0.0008447063075379292,0.014255729036521655,0.22,0.78,0.0
0.002731424263767395,0.024717796811034733,0.24,0.0,0.76
0.002681857929833752,0.024212131227668854,0.24,0.02,0.74
0.002632291595900108,0.023711448436051837,0.24,0.04,0.72
0.002582725261966465,0.023216070818307358,0.24,0.06,0.7
0.002533158928032822,0.02272634529574013,0.24,0.08,0.68
0.0024835925940991785,0.022242645205037683,0.24,0.1,0.66
0.0024340262601655347,0.021765372266253375,0.24,0.12,0.64
0.0023844599262318913,0.02129495862910813,0.24,0.14,0.62
0.0023348935922982476,0.02083186897754715,0.24,0.16,0.6
0.0022853272583646046,0.02037660266421725,0.24,0.18,0.5800000000000001
0.002235760924430961,0.019929695836326984,0.24,0.2,0.56
0.0021861945904973175,0.01949172350196519,0.24,0.22,0.54
0.002136628256563674,0.01906330147117872,0.24,0.24,0.52
0.0020870619226300304,0.018645088088836068,0.24,0.26,0.5
0.002037495588696387,0.018237785656578433,0.24,0.28,0.48
0.0019879292547627437,0.017842141419279492,0.24,0.3,0.46
0.0019383629208291004,0.0174589479680555,0.24,0.32,0.44
0.0018887965868954566,0.017089042888131532,0.24,0.34,0.42
0.0018392302529618132,0.016733307457551784,0.24,0.36,0.4
0.00178966391902817,0.016392664184352305,0.24,0.38,0.38
0.0017400975850945263,0.016068072958770288,0.24,0.4,0.36
0.0016905312511608832,0.015760525597555832,0.24,0.42,0.34
0.0016409649172272397,0.015471038574364996,0.24,0.44,0.32
0.001591398583293596,0.015200643768709145,0.24,0.46,0.3
0.0015418322493599528,0.014950377130772727,0.24,0.48,0.28
0.0014922659154263094,0.014721265253941239,0.24,0.5,0.26
0.0014426995814926656,0.014514309971779316,0.24,0.52,0.24
0.0013931332475590223,0.014330471248089394,0.24,0.54,0.21999999999999997
0.0013435669136253787,0.014170648798949559,0.24,0.56,0.19999999999999996
0.0012940005796917356,0.014035663059843446,0.24,0.58,0.18000000000000005
0.0012444342457580923,0.01392623626940052,0.24,0.6,0.16000000000000003
0.0011948679118244485,0.013842974560704385,0.24,0.62,0.14
0.0011453015778908051,0.01378635200844953,0.24,0.64,0.12
0.0010957352439571616,0.013756697556785984,0.24,0.66,0.09999999999999998
0.001046168910023518,0.013754185639008657,0.24,0.68,0.07999999999999996
0.0009966025760898747,0.013778831099595202,0.24,0.7000000000000001,0.05999999999999994
0.0009470362421562314,0.013830488758733777,0.24,0.72,0.040000000000000036
0.000897469908222588,0.013908857648821498,0.24,0.74,0.020000000000000018
0.0008479035742889444,0.014013489638213911,0.24,0.76,0.0
0.002685055196584767,0.02414445491926392,0.26,0.0,0.74
0.0026354888626511233,0.02364063310681592,0.26,0.02,0.72
0.0025859225287174804,0.023141997169415254,0.26,0.04,0.7
0.0025363561947838367,0.022648889624941784,0.26,0.06,0.6799999999999999
0.0024867898608501937,0.02216167950431098,0.26,0.08,0.66
0.00243722352691655,0.021680764391880384,0.26,0.1,0.64
0.0023876571929829066,0.02120657255984778,0.26,0.12,0.62
0.002338090859049263,0.02073956517893706,0.26,0.14,0.6
0.0022885245251156195,0.02028023857951622,0.26,0.16,0.58
0.002238958191181976,0.01982912652711276,0.26,0.18,0.56
0.002189391857248333,0.019386802463785133,0.26,0.2,0.54
0.0021398255233146895,0.01895388165170483,0.26,0.22,0.52
0.002090259189381046,0.018531023137411225,0.26,0.24,0.5
0.0020406928554474024,0.018118931434473087,0.26,0.26,0.48
0.001991126521513759,0.01771835779891672,0.26,0.28,0.45999999999999996
0.0019415601875801157,0.017330100946306073,0.26,0.3,0.44
0.001891993853646472,0.016955007032829966,0.26,0.32,0.42
0.0018424275197128285,0.016593968696875926,0.26,0.34,0.39999999999999997
0.0017928611857791852,0.016247922934883464,0.26,0.36,0.38
0.0017432948518455416,0.015917847569264995,0.26,0.38,0.36
0.0016937285179118983,0.015604756061349642,0.26,0.4,0.33999999999999997
0.001644162183978255,0.015309690434020235,0.26,0.42,0.32
0.0015945958500446114,0.015033712102879397,0.26,0.44,0.3
0.001545029516110968,0.014777890477142659,0.26,0.46,0.27999999999999997
0.0014954631821773247,0.014543289286540868,0.26,0.48,0.26
0.001445896848243681,0.01433095072020815,0.26,0.5,0.24
0.0013963305143100376,0.014141877625459928,0.26,0.52,0.21999999999999997
